Fips_code,Days Until HealthCare Overwhelmed
01001,NA
01003,NA
01005,NA
01007,1
01009,NA
01011,1
01013,NA
01015,NA
01017,NA
01019,1
01021,29
01023,NA
01025,1
01027,NA
01029,1
01031,NA
01033,NA
01035,1
01037,NA
01039,NA
01041,1
01043,NA
01045,NA
01047,NA
01049,NA
01051,NA
01053,NA
01055,NA
01057,NA
01059,NA
01061,NA
01063,NA
01065,1
01067,1
01069,NA
01071,NA
01073,NA
01075,1
01077,NA
01079,NA
01081,38
01083,NA
01085,NA
01087,8
01089,NA
01091,NA
01093,NA
01095,NA
01097,NA
01099,NA
01101,NA
01103,NA
01105,NA
01107,NA
01109,NA
01111,2
01113,NA
01115,26
01117,28
01119,NA
01121,NA
01123,NA
01125,NA
01127,NA
01129,1
01131,1
01133,NA
02013,NA
02016,NA
02020,NA
02050,NA
02060,NA
02068,NA
02070,NA
02090,NA
02100,NA
02105,NA
02110,NA
02122,NA
02130,NA
02150,NA
02158,NA
02164,NA
02170,NA
02180,NA
02185,NA
02188,NA
02195,NA
02198,NA
02220,NA
02230,NA
02240,NA
02261,NA
02275,NA
02282,NA
02290,NA
04001,1
04003,NA
04005,NA
04007,NA
04009,NA
04011,NA
04012,NA
04013,NA
04015,NA
04017,NA
04019,NA
04021,NA
04023,NA
04025,NA
04027,NA
05001,4
05003,NA
05005,NA
05007,NA
05009,NA
05011,1
05013,NA
05015,1
05017,1
05019,NA
05021,NA
05023,33
05025,NA
05027,NA
05029,NA
05031,NA
05033,NA
05035,1
05037,11
05039,17
05041,NA
05043,NA
05045,NA
05047,NA
05049,NA
05051,NA
05053,NA
05055,NA
05057,NA
05059,NA
05061,NA
05063,NA
05065,22
05067,1
05069,NA
05071,NA
05073,NA
05075,NA
05077,1
05079,1
05081,1
05083,1
05085,1
05087,NA
05089,NA
05091,1
05093,NA
05095,NA
05097,25
05099,NA
05101,NA
05103,NA
05105,NA
05107,NA
05109,NA
05111,1
05113,NA
05115,NA
05117,NA
05119,NA
05121,NA
05123,NA
05125,NA
05127,NA
05129,12
05131,NA
05133,1
05135,26
05137,3
05139,NA
05141,9
05143,NA
05145,NA
05147,NA
05149,1
06001,NA
06003,NA
06005,NA
06007,NA
06009,NA
06011,1
06013,NA
06015,NA
06017,NA
06019,NA
06021,1
06023,NA
06025,NA
06027,NA
06029,NA
06031,30
06033,NA
06035,1
06037,NA
06039,NA
06041,NA
06043,NA
06045,NA
06047,1
06049,NA
06051,NA
06053,NA
06055,NA
06057,NA
06059,NA
06061,NA
06063,NA
06065,NA
06067,NA
06069,NA
06071,NA
06073,NA
06075,NA
06077,NA
06079,NA
06081,NA
06083,NA
06085,NA
06087,NA
06089,NA
06091,NA
06093,NA
06095,NA
06097,NA
06099,NA
06101,1
06103,NA
06105,NA
06107,NA
06109,NA
06111,NA
06113,NA
06115,NA
08001,NA
08003,NA
08005,NA
08007,NA
08009,NA
08011,NA
08013,NA
08014,NA
08015,NA
08017,NA
08019,NA
08021,NA
08023,NA
08025,NA
08027,NA
08029,NA
08031,NA
08033,NA
08035,NA
08037,NA
08039,NA
08041,NA
08043,NA
08045,NA
08047,NA
08049,NA
08051,NA
08053,NA
08055,NA
08057,NA
08059,NA
08061,NA
08063,NA
08065,NA
08067,NA
08069,NA
08071,NA
08073,NA
08075,NA
08077,NA
08079,NA
08081,NA
08083,NA
08085,NA
08087,NA
08089,NA
08091,NA
08093,NA
08095,NA
08097,NA
08099,NA
08101,NA
08103,NA
08105,NA
08107,NA
08109,NA
08111,NA
08113,NA
08115,NA
08117,NA
08119,NA
08121,NA
08123,NA
08125,NA
09001,NA
09003,33
09005,NA
09007,NA
09009,NA
09011,NA
09013,NA
09015,NA
10001,NA
10003,NA
10005,NA
11001,NA
12001,NA
12003,1
12005,NA
12007,1
12009,NA
12011,NA
12013,1
12015,NA
12017,NA
12019,NA
12021,NA
12023,NA
12027,NA
12029,1
12031,NA
12033,NA
12035,NA
12037,1
12039,1
12041,1
12043,NA
12045,1
12047,6
12049,1
12051,NA
12053,NA
12055,NA
12057,NA
12059,1
12061,NA
12063,NA
12065,1
12067,1
12069,NA
12071,NA
12073,NA
12075,1
12077,NA
12079,1
12081,NA
12083,NA
12085,NA
12086,NA
12087,NA
12089,19
12091,NA
12093,NA
12095,NA
12097,NA
12099,NA
12101,NA
12103,NA
12105,NA
12107,NA
12109,NA
12111,NA
12113,NA
12115,NA
12117,NA
12119,1
12121,1
12123,1
12125,1
12127,NA
12129,1
12131,NA
12133,1
13001,NA
13003,3
13005,NA
13007,NA
13009,22
13011,3
13013,NA
13015,NA
13017,NA
13019,1
13021,NA
13023,1
13025,NA
13027,NA
13029,1
13031,26
13033,1
13035,1
13037,NA
13039,NA
13043,NA
13045,NA
13047,1
13049,1
13051,NA
13053,1
13055,1
13057,18
13059,NA
13061,NA
13063,NA
13065,2
13067,NA
13069,NA
13071,NA
13073,1
13075,1
13077,NA
13079,22
13081,NA
13083,5
13085,1
13087,NA
13089,NA
13091,NA
13093,NA
13095,NA
13097,NA
13099,28
13101,NA
13103,1
13105,NA
13107,NA
13109,1
13111,NA
13113,NA
13115,NA
13117,NA
13119,NA
13121,NA
13123,1
13125,NA
13127,NA
13129,NA
13131,NA
13133,1
13135,NA
13137,NA
13139,NA
13141,3
13143,1
13145,NA
13147,1
13149,NA
13151,NA
13153,NA
13155,NA
13157,1
13159,NA
13161,NA
13163,1
13165,NA
13167,6
13169,1
13171,NA
13173,NA
13175,NA
13177,1
13179,1
13181,NA
13183,NA
13185,NA
13187,1
13189,1
13191,1
13193,NA
13195,1
13197,NA
13199,1
13201,NA
13205,1
13207,1
13209,1
13211,1
13213,1
13215,NA
13217,NA
13219,1
13221,2
13223,23
13225,1
13227,NA
13229,1
13231,1
13233,1
13235,NA
13237,1
13239,NA
13241,20
13243,NA
13245,NA
13247,NA
13249,NA
13251,4
13253,1
13255,NA
13257,NA
13259,9
13261,NA
13263,NA
13265,NA
13267,1
13269,15
13271,1
13273,NA
13275,NA
13277,NA
13279,NA
13281,NA
13283,3
13285,NA
13287,NA
13289,NA
13291,NA
13293,NA
13295,1
13297,NA
13299,NA
13301,NA
13303,1
13305,NA
13307,NA
13309,12
13311,1
13313,NA
13315,NA
13317,NA
13319,5
13321,NA
15001,NA
15003,NA
15005,NA
15007,NA
15009,NA
16001,NA
16003,NA
16005,NA
16007,NA
16009,NA
16011,NA
16013,NA
16015,NA
16017,NA
16019,NA
16021,NA
16023,NA
16025,NA
16027,NA
16029,NA
16031,NA
16033,NA
16035,NA
16037,NA
16039,NA
16041,NA
16043,NA
16045,NA
16047,NA
16049,NA
16051,1
16053,1
16055,NA
16057,NA
16059,NA
16061,NA
16063,NA
16065,NA
16067,NA
16069,NA
16071,NA
16073,NA
16075,1
16077,NA
16079,NA
16081,NA
16083,NA
16085,NA
16087,NA
17001,NA
17003,NA
17005,12
17007,5
17009,NA
17011,NA
17013,NA
17015,8
17017,NA
17019,NA
17021,NA
17023,NA
17025,30
17027,NA
17029,NA
17031,NA
17033,22
17035,13
17037,NA
17039,NA
17041,7
17043,NA
17045,13
17047,NA
17049,NA
17051,NA
17053,NA
17055,1
17057,NA
17059,NA
17061,NA
17063,NA
17065,NA
17067,5
17069,NA
17071,NA
17073,NA
17075,NA
17077,NA
17079,NA
17081,NA
17083,NA
17085,NA
17087,39
17089,NA
17091,NA
17093,1
17095,NA
17097,NA
17099,NA
17101,20
17103,NA
17105,NA
17107,1
17109,NA
17111,NA
17113,NA
17115,NA
17117,1
17119,NA
17121,NA
17123,NA
17125,NA
17127,31
17129,NA
17131,NA
17133,1
17135,NA
17137,NA
17139,4
17141,NA
17143,NA
17145,1
17147,NA
17149,NA
17151,NA
17153,NA
17155,NA
17157,1
17159,NA
17161,NA
17163,NA
17165,NA
17167,NA
17169,NA
17171,NA
17173,2
17175,NA
17177,NA
17179,NA
17181,1
17183,NA
17185,NA
17187,NA
17189,31
17191,NA
17193,NA
17195,NA
17197,NA
17199,NA
17201,NA
17203,1
18001,NA
18003,NA
18005,NA
18007,NA
18009,NA
18011,NA
18013,NA
18015,1
18017,NA
18019,NA
18021,1
18023,1
18025,NA
18027,NA
18029,NA
18031,NA
18033,NA
18035,37
18037,NA
18039,NA
18041,NA
18043,NA
18045,NA
18047,NA
18049,NA
18051,NA
18053,NA
18055,NA
18057,NA
18059,NA
18061,NA
18063,NA
18065,NA
18067,NA
18069,NA
18071,NA
18073,NA
18075,NA
18077,NA
18079,21
18081,NA
18083,NA
18085,29
18087,NA
18089,NA
18091,NA
18093,34
18095,NA
18097,NA
18099,NA
18101,12
18103,NA
18105,NA
18107,NA
18109,NA
18111,NA
18113,NA
18115,NA
18117,12
18119,NA
18121,NA
18123,NA
18125,NA
18127,NA
18129,NA
18131,NA
18133,NA
18135,35
18137,NA
18139,NA
18141,NA
18143,NA
18145,NA
18147,NA
18149,NA
18151,NA
18153,NA
18155,NA
18157,NA
18159,NA
18161,33
18163,NA
18165,NA
18167,NA
18169,NA
18171,NA
18173,NA
18175,5
18177,NA
18179,NA
18181,27
18183,NA
19001,NA
19003,NA
19005,NA
19007,NA
19009,NA
19011,NA
19013,NA
19015,NA
19017,14
19019,NA
19021,NA
19023,16
19025,NA
19027,NA
19029,NA
19031,NA
19033,NA
19035,NA
19037,24
19039,NA
19041,NA
19043,23
19045,NA
19047,NA
19049,1
19051,NA
19053,NA
19055,NA
19057,NA
19059,NA
19061,NA
19063,NA
19065,NA
19067,NA
19069,NA
19071,NA
19073,NA
19075,30
19077,NA
19079,NA
19081,NA
19083,NA
19085,NA
19087,39
19089,10
19091,NA
19093,NA
19095,NA
19097,NA
19099,NA
19101,NA
19103,34
19105,30
19107,36
19109,NA
19111,NA
19113,NA
19115,NA
19117,NA
19119,NA
19121,NA
19123,34
19125,11
19127,NA
19129,NA
19131,NA
19133,NA
19135,NA
19137,NA
19139,NA
19141,19
19143,NA
19145,NA
19147,NA
19149,1
19151,NA
19153,NA
19155,NA
19157,NA
19159,NA
19161,NA
19163,NA
19165,NA
19167,22
19169,14
19171,30
19173,NA
19175,NA
19177,NA
19179,NA
19181,1
19183,NA
19185,NA
19187,NA
19189,NA
19191,4
19193,NA
19195,NA
19197,NA
20001,NA
20003,NA
20005,NA
20007,NA
20009,NA
20011,NA
20013,NA
20015,NA
20017,NA
20019,NA
20021,NA
20023,NA
20025,NA
20027,NA
20029,NA
20031,NA
20033,NA
20035,NA
20037,NA
20039,NA
20041,NA
20043,NA
20045,20
20047,NA
20049,NA
20051,NA
20053,NA
20055,NA
20057,NA
20059,NA
20061,NA
20063,NA
20065,NA
20067,NA
20069,NA
20071,NA
20073,NA
20075,NA
20077,11
20079,NA
20081,NA
20083,NA
20085,NA
20087,NA
20089,NA
20091,NA
20093,NA
20095,NA
20097,NA
20099,NA
20101,NA
20103,NA
20105,NA
20107,NA
20109,NA
20111,NA
20113,NA
20115,NA
20117,NA
20119,NA
20121,NA
20123,NA
20125,NA
20127,NA
20129,NA
20131,NA
20133,NA
20135,NA
20137,NA
20139,NA
20141,NA
20143,NA
20145,6
20147,NA
20149,NA
20151,NA
20153,NA
20155,NA
20157,NA
20159,NA
20161,22
20163,NA
20165,NA
20167,NA
20169,NA
20171,NA
20173,NA
20175,NA
20177,NA
20179,NA
20181,NA
20183,NA
20185,NA
20187,NA
20189,NA
20191,NA
20193,NA
20195,NA
20197,NA
20199,NA
20201,NA
20203,NA
20205,NA
20207,NA
20209,NA
21001,NA
21003,NA
21005,NA
21007,NA
21009,NA
21011,NA
21013,NA
21015,NA
21017,NA
21019,NA
21021,NA
21023,NA
21025,NA
21027,NA
21029,1
21031,NA
21033,NA
21035,NA
21037,NA
21039,NA
21041,NA
21043,NA
21045,NA
21047,NA
21049,NA
21051,NA
21053,NA
21055,NA
21057,NA
21059,NA
21061,NA
21063,NA
21065,NA
21067,NA
21069,NA
21071,NA
21073,NA
21075,NA
21077,NA
21079,37
21081,NA
21083,NA
21085,NA
21087,18
21089,15
21091,NA
21093,NA
21095,NA
21097,NA
21099,NA
21101,NA
21103,NA
21105,NA
21107,NA
21109,24
21111,NA
21113,1
21115,NA
21117,NA
21119,NA
21121,NA
21123,NA
21125,NA
21127,NA
21129,NA
21131,NA
21133,NA
21135,14
21137,NA
21139,NA
21141,NA
21143,NA
21145,NA
21147,29
21149,NA
21151,NA
21153,NA
21155,NA
21157,NA
21159,NA
21161,NA
21163,NA
21165,NA
21167,NA
21169,NA
21171,36
21173,NA
21175,NA
21177,NA
21179,NA
21181,NA
21183,NA
21185,NA
21187,NA
21189,NA
21191,NA
21193,NA
21195,NA
21197,NA
21199,NA
21201,NA
21203,NA
21205,NA
21207,NA
21209,NA
21211,NA
21213,NA
21215,NA
21217,NA
21219,12
21221,NA
21223,NA
21225,NA
21227,NA
21229,NA
21231,NA
21233,NA
21235,NA
21237,NA
21239,NA
22001,NA
22003,NA
22005,NA
22007,1
22009,NA
22011,NA
22013,NA
22015,25
22017,NA
22019,NA
22021,NA
22023,NA
22025,11
22027,NA
22029,NA
22031,1
22033,NA
22035,NA
22037,1
22039,NA
22041,NA
22043,1
22045,NA
22047,1
22049,NA
22051,NA
22053,NA
22055,NA
22057,NA
22059,1
22061,NA
22063,1
22065,6
22067,NA
22069,NA
22071,NA
22073,NA
22075,NA
22077,1
22079,NA
22081,1
22083,NA
22085,1
22087,NA
22089,NA
22091,3
22093,1
22095,1
22097,NA
22099,1
22101,NA
22103,NA
22105,NA
22107,NA
22109,NA
22111,1
22113,NA
22115,NA
22117,NA
22119,NA
22121,1
22123,NA
22125,1
22127,NA
23001,NA
23003,NA
23005,NA
23007,NA
23009,NA
23011,NA
23013,NA
23015,NA
23017,NA
23019,NA
23021,NA
23023,NA
23025,NA
23027,NA
23029,NA
23031,NA
24001,NA
24003,NA
24005,NA
24009,NA
24011,NA
24013,NA
24015,NA
24017,NA
24019,NA
24021,NA
24023,NA
24025,NA
24027,NA
24029,NA
24031,NA
24033,NA
24035,1
24037,NA
24039,21
24041,NA
24043,NA
24045,NA
24047,NA
24510,NA
25001,NA
25003,NA
25005,NA
25007,NA
25009,NA
25011,NA
25013,NA
25015,NA
25017,NA
25019,NA
25021,NA
25023,NA
25025,NA
25027,NA
26001,NA
26003,NA
26005,NA
26007,NA
26009,NA
26011,NA
26013,NA
26015,NA
26017,NA
26019,NA
26021,NA
26023,NA
26025,NA
26027,NA
26029,NA
26031,NA
26033,NA
26035,NA
26037,NA
26039,NA
26041,NA
26043,NA
26045,18
26047,NA
26049,NA
26051,NA
26053,NA
26055,NA
26057,NA
26059,NA
26061,NA
26063,NA
26065,NA
26067,NA
26069,NA
26071,NA
26073,23
26075,NA
26077,NA
26079,NA
26081,NA
26083,NA
26085,NA
26087,NA
26089,NA
26091,NA
26093,NA
26095,NA
26097,NA
26099,NA
26101,NA
26103,NA
26105,NA
26107,NA
26109,1
26111,NA
26113,NA
26115,NA
26117,NA
26119,NA
26121,NA
26123,NA
26125,NA
26127,NA
26129,NA
26131,NA
26133,NA
26135,NA
26137,NA
26139,NA
26141,NA
26143,28
26145,NA
26147,NA
26149,NA
26151,NA
26153,NA
26155,NA
26157,4
26159,NA
26161,NA
26163,NA
26165,NA
27001,NA
27003,NA
27005,NA
27007,NA
27009,15
27011,NA
27013,NA
27015,NA
27017,NA
27019,NA
27021,NA
27023,NA
27025,NA
27027,10
27029,NA
27031,NA
27033,NA
27035,NA
27037,15
27039,NA
27041,NA
27043,NA
27045,NA
27047,NA
27049,NA
27051,NA
27053,NA
27055,NA
27057,NA
27059,NA
27061,NA
27063,NA
27065,NA
27067,NA
27069,NA
27071,NA
27073,NA
27075,NA
27077,NA
27079,5
27081,NA
27083,NA
27085,NA
27087,NA
27089,NA
27091,NA
27093,NA
27095,NA
27097,NA
27099,28
27101,NA
27103,1
27105,NA
27107,NA
27109,NA
27111,NA
27113,NA
27115,NA
27117,NA
27119,NA
27121,NA
27123,NA
27125,NA
27127,NA
27129,NA
27131,NA
27133,NA
27135,NA
27137,NA
27139,1
27141,1
27143,20
27145,NA
27147,13
27149,NA
27151,NA
27153,NA
27155,NA
27157,NA
27159,NA
27161,3
27163,NA
27165,1
27167,NA
27169,25
27171,12
27173,NA
28001,NA
28003,NA
28005,NA
28007,NA
28009,NA
28011,NA
28013,NA
28015,NA
28017,1
28019,NA
28021,NA
28023,15
28025,NA
28027,NA
28029,14
28031,NA
28033,NA
28035,NA
28037,NA
28039,NA
28041,NA
28043,NA
28045,NA
28047,NA
28049,NA
28051,1
28053,NA
28055,NA
28057,1
28059,NA
28061,NA
28063,NA
28065,NA
28067,NA
28069,NA
28071,NA
28073,NA
28075,NA
28077,NA
28079,35
28081,NA
28083,NA
28085,NA
28087,NA
28089,NA
28091,NA
28093,1
28095,NA
28097,NA
28099,1
28101,10
28103,NA
28105,NA
28107,NA
28109,NA
28111,NA
28113,NA
28115,1
28117,NA
28119,NA
28121,NA
28123,NA
28125,NA
28127,1
28129,NA
28131,8
28133,1
28135,1
28137,1
28139,1
28141,1
28143,1
28145,NA
28147,NA
28149,NA
28151,1
28153,NA
28155,NA
28157,NA
28159,NA
28161,NA
28163,1
29001,NA
29003,32
29005,NA
29007,NA
29009,1
29011,NA
29013,NA
29015,NA
29017,15
29019,NA
29021,NA
29023,NA
29025,NA
29027,1
29029,NA
29031,NA
29033,NA
29035,NA
29037,NA
29039,NA
29041,NA
29043,1
29045,NA
29047,NA
29049,NA
29051,NA
29053,4
29055,1
29057,NA
29059,38
29061,NA
29063,31
29065,NA
29067,NA
29069,NA
29071,NA
29073,14
29075,NA
29077,NA
29079,NA
29081,NA
29083,NA
29085,NA
29087,NA
29089,19
29091,NA
29093,NA
29095,NA
29097,NA
29099,NA
29101,NA
29103,NA
29105,NA
29107,NA
29109,1
29111,NA
29113,NA
29115,NA
29117,NA
29119,NA
29121,NA
29123,NA
29125,NA
29127,NA
29129,NA
29131,3
29133,27
29135,NA
29137,NA
29139,NA
29141,NA
29143,1
29145,NA
29147,15
29149,NA
29151,NA
29153,NA
29155,NA
29157,22
29159,NA
29161,NA
29163,NA
29165,NA
29167,NA
29169,NA
29171,NA
29173,18
29175,NA
29177,NA
29179,NA
29181,NA
29183,NA
29185,NA
29186,25
29187,NA
29189,NA
29195,NA
29197,NA
29199,NA
29201,NA
29203,NA
29205,NA
29207,NA
29209,1
29211,NA
29213,NA
29215,NA
29217,NA
29219,1
29221,1
29223,NA
29225,14
29227,NA
29229,NA
29510,NA
30001,NA
30003,1
30005,NA
30007,NA
30009,NA
30011,NA
30013,NA
30015,NA
30017,NA
30019,NA
30021,NA
30023,NA
30025,NA
30027,NA
30029,NA
30031,NA
30033,NA
30035,NA
30037,NA
30039,NA
30041,NA
30043,NA
30045,NA
30047,NA
30049,NA
30051,NA
30053,NA
30055,NA
30057,NA
30059,NA
30061,NA
30063,NA
30065,NA
30067,NA
30069,NA
30071,1
30073,NA
30075,NA
30077,NA
30079,NA
30081,NA
30083,NA
30085,NA
30087,NA
30089,NA
30091,NA
30093,NA
30095,NA
30097,NA
30099,NA
30101,NA
30103,NA
30105,NA
30107,NA
30109,NA
30111,NA
31001,NA
31003,NA
31005,NA
31007,NA
31009,NA
31011,NA
31013,NA
31015,NA
31017,NA
31019,NA
31021,NA
31023,NA
31025,NA
31027,NA
31029,NA
31031,NA
31033,NA
31035,NA
31037,NA
31039,NA
31041,NA
31043,NA
31045,NA
31047,NA
31049,NA
31051,NA
31053,NA
31055,NA
31057,NA
31059,NA
31061,NA
31063,NA
31065,NA
31067,NA
31069,NA
31071,NA
31073,NA
31075,NA
31077,NA
31079,NA
31081,NA
31083,NA
31085,NA
31087,NA
31089,NA
31091,NA
31093,NA
31095,NA
31097,NA
31099,NA
31101,NA
31103,NA
31105,NA
31107,NA
31109,NA
31111,NA
31113,NA
31115,NA
31117,NA
31119,NA
31121,NA
31123,NA
31125,NA
31127,NA
31129,NA
31131,33
31133,NA
31135,NA
31137,NA
31139,NA
31141,NA
31143,NA
31145,NA
31147,NA
31149,NA
31151,NA
31153,NA
31155,NA
31157,NA
31159,NA
31161,NA
31163,NA
31165,NA
31167,NA
31169,NA
31171,NA
31173,NA
31175,NA
31177,NA
31179,NA
31181,NA
31183,NA
31185,NA
32001,NA
32003,NA
32005,NA
32007,NA
32009,NA
32011,NA
32013,NA
32015,NA
32017,NA
32019,1
32021,NA
32023,2
32027,NA
32029,NA
32031,NA
32033,NA
32510,NA
33001,NA
33003,NA
33005,NA
33007,NA
33009,NA
33011,NA
33013,NA
33015,NA
33017,NA
33019,NA
34001,NA
34003,NA
34005,NA
34007,NA
34009,NA
34011,NA
34013,NA
34015,NA
34017,NA
34019,NA
34021,NA
34023,NA
34025,NA
34027,NA
34029,NA
34031,NA
34033,NA
34035,NA
34037,NA
34039,NA
34041,NA
35001,NA
35003,NA
35005,NA
35006,NA
35007,NA
35009,NA
35011,NA
35013,NA
35015,NA
35017,NA
35019,NA
35021,NA
35023,NA
35025,NA
35027,NA
35028,NA
35029,NA
35031,NA
35033,NA
35035,NA
35037,NA
35039,NA
35041,NA
35043,NA
35045,NA
35047,NA
35049,NA
35051,NA
35053,NA
35055,NA
35057,NA
35059,NA
35061,1
36001,NA
36003,NA
36005,NA
36007,NA
36009,NA
36011,NA
36013,NA
36015,NA
36017,NA
36019,NA
36021,NA
36023,NA
36025,NA
36027,NA
36029,NA
36031,NA
36033,NA
36035,NA
36037,NA
36039,NA
36041,NA
36043,NA
36045,NA
36047,NA
36049,NA
36051,NA
36053,NA
36055,NA
36057,NA
36059,NA
36061,NA
36063,NA
36065,NA
36067,NA
36069,NA
36071,NA
36073,NA
36075,NA
36077,NA
36079,NA
36081,NA
36083,NA
36085,NA
36087,NA
36089,NA
36091,NA
36093,NA
36095,NA
36097,NA
36099,NA
36101,NA
36103,NA
36105,NA
36107,NA
36109,NA
36111,NA
36113,NA
36115,NA
36117,NA
36119,NA
36121,NA
36123,NA
37001,NA
37003,4
37005,1
37007,1
37009,NA
37011,NA
37013,NA
37015,5
37017,NA
37019,NA
37021,NA
37023,NA
37025,NA
37027,NA
37029,NA
37031,NA
37033,NA
37035,NA
37037,NA
37039,1
37041,NA
37043,NA
37045,NA
37047,NA
37049,NA
37051,NA
37053,NA
37055,NA
37057,NA
37059,NA
37061,NA
37063,NA
37065,NA
37067,NA
37069,1
37071,NA
37073,NA
37075,NA
37077,NA
37079,12
37081,NA
37083,NA
37085,NA
37087,NA
37089,NA
37091,NA
37093,1
37095,41
37097,NA
37099,NA
37101,NA
37103,NA
37105,NA
37107,NA
37109,NA
37111,NA
37113,NA
37115,29
37117,NA
37119,NA
37121,NA
37123,1
37125,NA
37127,NA
37129,NA
37131,NA
37133,NA
37135,NA
37137,26
37139,NA
37141,1
37143,19
37145,NA
37147,NA
37149,NA
37151,NA
37153,NA
37155,NA
37157,NA
37159,NA
37161,NA
37163,NA
37165,NA
37167,NA
37169,NA
37171,NA
37173,NA
37175,NA
37177,NA
37179,NA
37181,NA
37183,NA
37185,NA
37187,NA
37189,NA
37191,NA
37193,NA
37195,NA
37197,3
37199,NA
38001,NA
38003,NA
38005,NA
38007,NA
38009,NA
38011,NA
38013,NA
38015,NA
38017,NA
38019,NA
38021,NA
38023,NA
38025,NA
38027,NA
38029,NA
38031,NA
38033,NA
38035,NA
38037,NA
38039,NA
38041,NA
38043,NA
38045,NA
38047,NA
38049,NA
38051,NA
38053,NA
38055,NA
38057,NA
38059,1
38061,NA
38063,NA
38065,NA
38067,NA
38069,NA
38071,NA
38073,NA
38075,NA
38077,NA
38079,NA
38081,NA
38083,NA
38085,NA
38087,NA
38089,NA
38091,NA
38093,NA
38095,NA
38097,NA
38099,NA
38101,NA
38103,NA
38105,18
39001,NA
39003,NA
39005,NA
39007,NA
39009,NA
39011,NA
39013,NA
39015,NA
39017,NA
39019,NA
39021,1
39023,NA
39025,NA
39027,NA
39029,NA
39031,NA
39033,NA
39035,NA
39037,NA
39039,NA
39041,34
39043,NA
39045,NA
39047,NA
39049,NA
39051,NA
39053,NA
39055,NA
39057,NA
39059,NA
39061,NA
39063,NA
39065,NA
39067,NA
39069,31
39071,NA
39073,NA
39075,NA
39077,NA
39079,29
39081,NA
39083,NA
39085,NA
39087,1
39089,NA
39091,NA
39093,NA
39095,NA
39097,NA
39099,NA
39101,NA
39103,NA
39105,9
39107,NA
39109,NA
39111,NA
39113,NA
39115,NA
39117,NA
39119,NA
39121,NA
39123,NA
39125,NA
39127,1
39129,NA
39131,37
39133,NA
39135,1
39137,3
39139,NA
39141,NA
39143,NA
39145,NA
39147,NA
39149,NA
39151,NA
39153,NA
39155,NA
39157,NA
39159,NA
39161,NA
39163,NA
39165,NA
39167,NA
39169,41
39171,NA
39173,NA
39175,NA
40001,1
40003,NA
40005,NA
40007,NA
40009,NA
40011,NA
40013,NA
40015,36
40017,NA
40019,NA
40021,NA
40023,19
40025,NA
40027,NA
40029,NA
40031,NA
40033,NA
40035,NA
40037,1
40039,NA
40041,NA
40043,NA
40045,NA
40047,NA
40049,NA
40051,NA
40053,NA
40055,NA
40057,NA
40059,NA
40061,2
40063,1
40065,NA
40067,NA
40069,NA
40071,NA
40073,1
40075,NA
40077,NA
40079,NA
40081,1
40083,NA
40085,NA
40087,1
40089,NA
40091,NA
40093,NA
40095,NA
40097,1
40099,NA
40101,25
40103,NA
40105,25
40107,NA
40109,NA
40111,1
40113,1
40115,NA
40117,16
40119,24
40121,NA
40123,NA
40125,NA
40127,NA
40129,NA
40131,NA
40133,1
40135,1
40137,NA
40139,6
40141,NA
40143,NA
40145,NA
40147,NA
40149,NA
40151,NA
40153,NA
41001,NA
41003,NA
41005,NA
41007,NA
41009,NA
41011,NA
41013,NA
41015,NA
41017,NA
41019,NA
41021,NA
41023,NA
41025,NA
41027,NA
41029,NA
41031,NA
41033,NA
41035,NA
41037,NA
41039,NA
41041,NA
41043,NA
41045,NA
41047,NA
41049,NA
41051,NA
41053,2
41055,NA
41057,NA
41059,NA
41061,NA
41063,NA
41065,NA
41067,NA
41069,NA
41071,NA
42001,NA
42003,NA
42005,NA
42007,NA
42009,NA
42011,NA
42013,NA
42015,NA
42017,NA
42019,NA
42021,NA
42023,NA
42025,NA
42027,NA
42029,NA
42031,NA
42033,NA
42035,NA
42037,NA
42039,NA
42041,NA
42043,NA
42045,NA
42047,NA
42049,NA
42051,NA
42053,NA
42055,NA
42057,NA
42059,NA
42061,NA
42063,NA
42065,NA
42067,NA
42069,NA
42071,NA
42073,NA
42075,NA
42077,NA
42079,NA
42081,NA
42083,NA
42085,NA
42087,NA
42089,NA
42091,NA
42093,NA
42095,NA
42097,NA
42099,25
42101,NA
42103,NA
42105,NA
42107,NA
42109,20
42111,NA
42113,NA
42115,NA
42117,NA
42119,NA
42121,NA
42123,NA
42125,NA
42127,NA
42129,NA
42131,NA
42133,NA
44001,11
44003,NA
44005,NA
44007,NA
44009,NA
45001,NA
45003,NA
45005,1
45007,NA
45009,1
45011,1
45013,NA
45015,1
45017,1
45019,NA
45021,NA
45023,NA
45025,NA
45027,NA
45029,NA
45031,NA
45033,NA
45035,1
45037,1
45039,NA
45041,NA
45043,NA
45045,NA
45047,NA
45049,NA
45051,NA
45053,NA
45055,NA
45057,NA
45059,NA
45061,1
45063,NA
45065,NA
45067,NA
45069,1
45071,NA
45073,NA
45075,NA
45077,30
45079,NA
45081,1
45083,NA
45085,NA
45087,NA
45089,1
45091,NA
46003,NA
46005,NA
46007,NA
46009,NA
46011,24
46013,NA
46015,NA
46017,NA
46019,NA
46021,NA
46023,NA
46025,NA
46027,11
46029,NA
46031,NA
46033,NA
46035,NA
46037,NA
46039,NA
46041,NA
46043,NA
46045,NA
46047,NA
46049,NA
46051,NA
46053,NA
46055,NA
46057,NA
46059,NA
46061,NA
46063,NA
46065,NA
46067,NA
46069,NA
46071,NA
46073,NA
46075,NA
46077,NA
46079,NA
46081,NA
46083,NA
46085,NA
46087,NA
46089,NA
46091,NA
46093,37
46095,NA
46097,NA
46099,NA
46101,NA
46102,NA
46103,NA
46105,NA
46107,NA
46109,NA
46111,NA
46115,NA
46117,NA
46119,NA
46121,NA
46123,NA
46125,NA
46127,NA
46129,NA
46135,NA
46137,NA
47001,NA
47003,NA
47005,14
47007,NA
47009,NA
47011,NA
47013,NA
47015,NA
47017,NA
47019,NA
47021,1
47023,3
47025,NA
47027,NA
47029,NA
47031,NA
47033,9
47035,NA
47037,NA
47039,NA
47041,NA
47043,NA
47045,NA
47047,1
47049,14
47051,NA
47053,NA
47055,NA
47057,NA
47059,NA
47061,NA
47063,NA
47065,NA
47067,NA
47069,1
47071,1
47073,NA
47075,1
47077,1
47079,NA
47081,20
47083,NA
47085,NA
47087,25
47089,NA
47091,1
47093,NA
47095,NA
47097,1
47099,NA
47101,NA
47103,NA
47105,NA
47107,NA
47109,1
47111,NA
47113,NA
47115,14
47117,1
47119,NA
47121,34
47123,1
47125,NA
47127,NA
47129,13
47131,NA
47133,NA
47135,NA
47137,NA
47139,1
47141,NA
47143,NA
47145,NA
47147,NA
47149,NA
47151,NA
47153,NA
47155,NA
47157,NA
47159,NA
47161,NA
47163,NA
47165,NA
47167,27
47169,NA
47171,NA
47173,NA
47175,NA
47177,NA
47179,NA
47181,NA
47183,NA
47185,41
47187,NA
47189,NA
48001,NA
48003,NA
48005,NA
48007,NA
48009,NA
48011,NA
48013,NA
48015,1
48017,NA
48019,NA
48021,1
48023,NA
48025,1
48027,NA
48029,NA
48031,NA
48033,NA
48035,NA
48037,NA
48039,NA
48041,NA
48043,NA
48045,NA
48047,7
48049,NA
48051,NA
48053,NA
48055,1
48057,NA
48059,19
48061,NA
48063,NA
48065,NA
48067,NA
48069,NA
48071,1
48073,NA
48075,NA
48077,NA
48079,NA
48081,NA
48083,NA
48085,NA
48087,NA
48089,NA
48091,NA
48093,NA
48095,NA
48097,NA
48099,18
48101,NA
48103,NA
48105,NA
48107,NA
48109,NA
48111,NA
48113,NA
48115,NA
48117,NA
48119,NA
48121,NA
48123,NA
48125,NA
48127,NA
48129,NA
48131,NA
48133,NA
48135,NA
48137,NA
48139,NA
48141,NA
48143,NA
48145,NA
48147,8
48149,3
48151,NA
48153,NA
48155,NA
48157,NA
48159,NA
48161,2
48163,1
48165,2
48167,NA
48169,NA
48171,NA
48173,NA
48175,NA
48177,NA
48179,NA
48181,NA
48183,NA
48185,1
48187,NA
48189,NA
48191,NA
48193,NA
48195,NA
48197,NA
48199,1
48201,NA
48203,NA
48205,NA
48207,NA
48209,NA
48211,NA
48213,NA
48215,NA
48217,NA
48219,NA
48221,NA
48223,NA
48225,4
48227,NA
48229,NA
48231,NA
48233,NA
48235,NA
48237,1
48239,1
48241,NA
48243,NA
48245,NA
48247,NA
48249,NA
48251,NA
48253,NA
48255,1
48257,NA
48259,NA
48261,NA
48263,NA
48265,NA
48267,NA
48269,NA
48271,NA
48273,NA
48275,NA
48277,NA
48279,5
48281,NA
48283,NA
48285,NA
48287,NA
48289,NA
48291,8
48293,NA
48295,NA
48297,4
48299,NA
48301,NA
48303,NA
48305,NA
48307,NA
48309,NA
48311,NA
48313,1
48315,NA
48317,NA
48319,NA
48321,NA
48323,1
48325,1
48327,NA
48329,NA
48331,4
48333,NA
48335,NA
48337,NA
48339,NA
48341,NA
48343,NA
48345,NA
48347,NA
48349,NA
48351,NA
48353,NA
48355,NA
48357,NA
48359,NA
48361,1
48363,NA
48365,NA
48367,NA
48369,NA
48371,NA
48373,NA
48375,NA
48377,NA
48379,NA
48381,1
48383,NA
48385,NA
48387,NA
48389,NA
48391,NA
48393,NA
48395,NA
48397,NA
48399,3
48401,1
48403,NA
48405,NA
48407,NA
48409,1
48411,NA
48413,NA
48415,18
48417,NA
48419,NA
48421,NA
48423,NA
48425,NA
48427,1
48429,1
48431,NA
48433,NA
48435,NA
48437,NA
48439,29
48441,NA
48443,NA
48445,1
48447,NA
48449,NA
48451,NA
48453,NA
48455,NA
48457,NA
48459,1
48461,NA
48463,NA
48465,NA
48467,1
48469,NA
48471,NA
48473,1
48475,NA
48477,NA
48479,NA
48481,1
48483,NA
48485,NA
48487,NA
48489,1
48491,NA
48493,NA
48495,NA
48497,NA
48499,NA
48501,NA
48503,NA
48505,5
48507,NA
49001,NA
49003,NA
49005,NA
49007,NA
49009,NA
49011,NA
49013,NA
49015,NA
49017,NA
49019,NA
49021,NA
49023,NA
49025,NA
49027,NA
49029,NA
49031,NA
49033,NA
49035,NA
49037,NA
49039,NA
49041,NA
49043,NA
49045,NA
49047,NA
49049,NA
49051,NA
49053,NA
49055,NA
49057,NA
50001,NA
50003,NA
50005,NA
50007,NA
50009,NA
50011,NA
50013,NA
50015,NA
50017,NA
50019,NA
50021,NA
50023,NA
50025,NA
50027,NA
51001,NA
51003,NA
51005,NA
51007,NA
51009,1
51011,4
51013,NA
51015,NA
51017,NA
51019,NA
51021,NA
51023,16
51025,1
51027,NA
51029,NA
51031,1
51033,1
51035,1
51036,37
51037,24
51041,NA
51043,NA
51045,NA
51047,NA
51049,NA
51051,NA
51053,10
51057,NA
51059,NA
51061,39
51063,1
51065,33
51067,NA
51069,1
51071,NA
51073,NA
51075,11
51077,42
51079,NA
51081,NA
51083,NA
51085,NA
51087,NA
51089,NA
51091,NA
51093,1
51095,NA
51097,NA
51099,1
51101,NA
51103,30
51105,1
51107,NA
51109,2
51111,NA
51113,NA
51115,NA
51117,NA
51119,NA
51121,NA
51125,NA
51127,NA
51131,NA
51133,NA
51135,NA
51137,NA
51139,NA
51141,1
51143,1
51145,NA
51147,NA
51149,1
51153,NA
51155,NA
51157,NA
51159,NA
51161,1
51163,NA
51165,1
51167,NA
51169,1
51171,NA
51173,NA
51175,1
51177,NA
51179,NA
51181,NA
51183,NA
51185,NA
51187,NA
51191,NA
51193,NA
51195,NA
51197,NA
51199,NA
51510,NA
51520,27
51530,NA
51540,NA
51550,NA
51570,NA
51580,NA
51590,NA
51595,NA
51600,19
51610,NA
51620,NA
51630,NA
51640,NA
51650,NA
51660,41
51670,NA
51678,NA
51680,NA
51683,NA
51685,NA
51690,1
51700,NA
51710,NA
51720,NA
51730,NA
51735,24
51740,NA
51750,2
51760,NA
51770,NA
51775,NA
51790,NA
51800,NA
51810,NA
51820,NA
51830,23
51840,NA
53001,1
53003,NA
53005,NA
53007,NA
53009,NA
53011,NA
53013,NA
53015,NA
53017,1
53019,NA
53021,1
53023,NA
53025,NA
53027,NA
53029,NA
53031,NA
53033,NA
53035,NA
53037,NA
53039,5
53041,NA
53043,NA
53045,NA
53047,1
53049,NA
53051,NA
53053,NA
53055,NA
53057,NA
53059,NA
53061,NA
53063,NA
53065,NA
53067,NA
53069,NA
53071,NA
53073,NA
53075,17
53077,NA
54001,NA
54003,NA
54005,NA
54007,NA
54009,NA
54011,NA
54013,NA
54015,NA
54017,NA
54019,28
54021,NA
54023,NA
54025,NA
54027,NA
54029,NA
54031,NA
54033,NA
54035,25
54037,NA
54039,NA
54041,NA
54043,NA
54045,NA
54047,NA
54049,NA
54051,NA
54053,NA
54055,NA
54057,NA
54059,NA
54061,NA
54063,12
54065,NA
54067,NA
54069,NA
54071,NA
54073,NA
54075,NA
54077,NA
54079,13
54081,NA
54083,NA
54085,NA
54087,NA
54089,NA
54091,NA
54093,NA
54095,NA
54097,NA
54099,37
54101,NA
54103,NA
54105,NA
54107,NA
54109,36
55001,NA
55003,NA
55005,NA
55007,NA
55009,NA
55011,NA
55013,NA
55015,1
55017,NA
55019,NA
55021,NA
55023,NA
55025,NA
55027,NA
55029,NA
55031,NA
55033,NA
55035,NA
55037,NA
55039,NA
55041,NA
55043,NA
55045,NA
55047,NA
55049,NA
55051,NA
55053,NA
55055,NA
55057,NA
55059,NA
55061,NA
55063,NA
55065,NA
55067,NA
55069,NA
55071,NA
55073,NA
55075,NA
55077,NA
55078,NA
55079,NA
55081,NA
55083,1
55085,NA
55087,NA
55089,NA
55091,NA
55093,NA
55095,NA
55097,NA
55099,NA
55101,NA
55103,NA
55105,NA
55107,NA
55109,NA
55111,NA
55113,1
55115,NA
55117,NA
55119,NA
55121,NA
55123,NA
55125,NA
55127,NA
55129,NA
55131,NA
55133,NA
55135,NA
55137,NA
55139,NA
55141,NA
56001,NA
56003,NA
56005,NA
56007,NA
56009,NA
56011,NA
56013,NA
56015,NA
56017,NA
56019,NA
56021,NA
56023,NA
56025,NA
56027,NA
56029,NA
56031,NA
56033,NA
56035,NA
56037,NA
56039,NA
56041,NA
56043,NA
56045,NA
